{
 "cells": [
  {
   "cell_type": "code",
   "execution_count": 2,
   "id": "c6cb5c7a-ad33-433c-9875-3d3553bc6a0b",
   "metadata": {},
   "outputs": [],
   "source": [
    "import pandas as pd\n",
    "import numpy as np\n",
    "\n"
   ]
  },
  {
   "cell_type": "code",
   "execution_count": 9,
   "id": "c7823d1d-2f55-41dd-b3da-7da4673d25bd",
   "metadata": {},
   "outputs": [
    {
     "name": "stdout",
     "output_type": "stream",
     "text": [
      "            MAE           MSE          RMSE    MAPE (%)  R2 Score  \\\n",
      "0  10728.487789  1.946645e+08  13952.220454    3.789777  0.960558   \n",
      "1   5924.277552  8.497886e+07   9218.397965    1.978261  0.982647   \n",
      "2  52126.220142  4.883206e+09  69879.940545   18.159803  0.002806   \n",
      "3  32082.982914  1.869020e+09  43232.160072   10.548469  0.601720   \n",
      "4  17589.146827  3.885515e+08  19711.710587    6.152154  0.920654   \n",
      "5  20008.620000  5.681745e+08  23108.860000  762.910300  0.907239   \n",
      "6  15462.923722  6.555589e+08  25603.884451    4.925245  0.866129   \n",
      "7  13168.271960  2.722592e+08  16500.277336    4.614977  0.944836   \n",
      "\n",
      "               model  \n",
      "0                TCN  \n",
      "1              ARIMA  \n",
      "2                MLP  \n",
      "3      Random Forest  \n",
      "4  Gradient Boosting  \n",
      "5            Prophet  \n",
      "6               LSTM  \n",
      "7                GRU  \n"
     ]
    }
   ],
   "source": [
    "metrics_tcn = {\n",
    "    'MAE': 10728.487788896975,\n",
    "    'MSE': 194664455.61080828,\n",
    "    'RMSE': np.float64(13952.220454494269),\n",
    "    'MAPE (%)': np.float64(3.7897770194606344),\n",
    "    'R2 Score': 0.9605575885977304,\n",
    "    'model': 'TCN'\n",
    "}\n",
    "\n",
    "# Данные для ARIMA\n",
    "metrics_arima = {\n",
    "    'MAE': 5924.277551587905,\n",
    "    'MSE': 84978861.0423676,\n",
    "    'RMSE': np.float64(9218.39796506788),\n",
    "    'MAPE (%)': np.float64(1.9782612735241254),\n",
    "    'R2 Score': 0.9826465658931529,\n",
    "    'model': 'ARIMA'\n",
    "}\n",
    "metrics_mlp = {\n",
    "    'MAE': 52126.22014164492,\n",
    "    'MSE': 4883206090.628575,\n",
    "    'RMSE': np.float64(69879.94054539954),\n",
    "    'MAPE (%)': np.float64(18.159802831075446),\n",
    "    'R2 Score': 0.0028061792728848456,\n",
    "    'model': 'MLP'\n",
    "}\n",
    "\n",
    "metrics_rf = {\n",
    "    'MAE': 32082.982914429587,\n",
    "    'MSE': 1869019664.5204241,\n",
    "    'RMSE': np.float64(43232.160072339946),\n",
    "    'MAPE (%)': np.float64(10.548468727945252),\n",
    "    'R2 Score': 0.6017202598088718,\n",
    "    'model': 'Random Forest'\n",
    "}\n",
    "\n",
    "metrics_gb = {\n",
    "    'MAE': 17589.14682746556,\n",
    "    'MSE': 388551534.26713866,\n",
    "    'RMSE': np.float64(19711.710587037815),\n",
    "    'MAPE (%)': np.float64(6.152153986637473),\n",
    "    'R2 Score': 0.9206543443356174,\n",
    "    'model': 'Gradient Boosting'\n",
    "}\n",
    "\n",
    "metrics_prophet = {\n",
    "    'MAE': 2.000862e+04,\n",
    "    'MSE': 5.681745e+08,\n",
    "    'RMSE': 2.310886e+04,\n",
    "    'MAPE (%)': 7.629103e+02,\n",
    "    'R2 Score': 9.072388e-01,\n",
    "    'model': 'Prophet'\n",
    "}\n",
    "\n",
    "metrics_lstm = {\n",
    "    'MAE': 15462.923722287383,\n",
    "    'MSE': 655558899.0042388,\n",
    "    'RMSE': np.float64(25603.88445147023),\n",
    "    'MAPE (%)': np.float64(4.925245306162742),\n",
    "    'R2 Score': 0.8661290817800503,\n",
    "    'model': 'LSTM'\n",
    "}\n",
    "metrics_gru = {\n",
    "    'MAE': 13168.271960108292,\n",
    "    'MSE': 272259152.1713873,\n",
    "    'RMSE': np.float64(16500.27733619612),\n",
    "    'MAPE (%)': np.float64(4.614977454292515),\n",
    "    'R2 Score': 0.9448355507209466,\n",
    "    'model': 'GRU'\n",
    "}\n",
    "# Преобразуем в DataFrame\n",
    "df_metrics = pd.DataFrame([metrics_tcn,metrics_arima,metrics_mlp, metrics_rf, metrics_gb, metrics_prophet, metrics_lstm, metrics_gru])\n",
    "\n",
    "print(df_metrics)"
   ]
  },
  {
   "cell_type": "code",
   "execution_count": 14,
   "id": "9bd9d033-6acc-4947-b6b2-627810c1ec43",
   "metadata": {},
   "outputs": [
    {
     "data": {
      "text/html": [
       "<div>\n",
       "<style scoped>\n",
       "    .dataframe tbody tr th:only-of-type {\n",
       "        vertical-align: middle;\n",
       "    }\n",
       "\n",
       "    .dataframe tbody tr th {\n",
       "        vertical-align: top;\n",
       "    }\n",
       "\n",
       "    .dataframe thead th {\n",
       "        text-align: right;\n",
       "    }\n",
       "</style>\n",
       "<table border=\"1\" class=\"dataframe\">\n",
       "  <thead>\n",
       "    <tr style=\"text-align: right;\">\n",
       "      <th></th>\n",
       "      <th>MAE</th>\n",
       "      <th>MSE</th>\n",
       "      <th>RMSE</th>\n",
       "      <th>MAPE (%)</th>\n",
       "      <th>R2 Score</th>\n",
       "      <th>model</th>\n",
       "    </tr>\n",
       "  </thead>\n",
       "  <tbody>\n",
       "    <tr>\n",
       "      <th>0</th>\n",
       "      <td>5924.277552</td>\n",
       "      <td>8.497886e+07</td>\n",
       "      <td>9218.397965</td>\n",
       "      <td>1.978261</td>\n",
       "      <td>0.982647</td>\n",
       "      <td>ARIMA</td>\n",
       "    </tr>\n",
       "    <tr>\n",
       "      <th>1</th>\n",
       "      <td>10728.487789</td>\n",
       "      <td>1.946645e+08</td>\n",
       "      <td>13952.220454</td>\n",
       "      <td>3.789777</td>\n",
       "      <td>0.960558</td>\n",
       "      <td>TCN</td>\n",
       "    </tr>\n",
       "    <tr>\n",
       "      <th>2</th>\n",
       "      <td>13168.271960</td>\n",
       "      <td>2.722592e+08</td>\n",
       "      <td>16500.277336</td>\n",
       "      <td>4.614977</td>\n",
       "      <td>0.944836</td>\n",
       "      <td>GRU</td>\n",
       "    </tr>\n",
       "    <tr>\n",
       "      <th>3</th>\n",
       "      <td>15462.923722</td>\n",
       "      <td>6.555589e+08</td>\n",
       "      <td>25603.884451</td>\n",
       "      <td>4.925245</td>\n",
       "      <td>0.866129</td>\n",
       "      <td>LSTM</td>\n",
       "    </tr>\n",
       "    <tr>\n",
       "      <th>4</th>\n",
       "      <td>17589.146827</td>\n",
       "      <td>3.885515e+08</td>\n",
       "      <td>19711.710587</td>\n",
       "      <td>6.152154</td>\n",
       "      <td>0.920654</td>\n",
       "      <td>Gradient Boosting</td>\n",
       "    </tr>\n",
       "    <tr>\n",
       "      <th>5</th>\n",
       "      <td>20008.620000</td>\n",
       "      <td>5.681745e+08</td>\n",
       "      <td>23108.860000</td>\n",
       "      <td>762.910300</td>\n",
       "      <td>0.907239</td>\n",
       "      <td>Prophet</td>\n",
       "    </tr>\n",
       "    <tr>\n",
       "      <th>6</th>\n",
       "      <td>32082.982914</td>\n",
       "      <td>1.869020e+09</td>\n",
       "      <td>43232.160072</td>\n",
       "      <td>10.548469</td>\n",
       "      <td>0.601720</td>\n",
       "      <td>Random Forest</td>\n",
       "    </tr>\n",
       "    <tr>\n",
       "      <th>7</th>\n",
       "      <td>52126.220142</td>\n",
       "      <td>4.883206e+09</td>\n",
       "      <td>69879.940545</td>\n",
       "      <td>18.159803</td>\n",
       "      <td>0.002806</td>\n",
       "      <td>MLP</td>\n",
       "    </tr>\n",
       "  </tbody>\n",
       "</table>\n",
       "</div>"
      ],
      "text/plain": [
       "            MAE           MSE          RMSE    MAPE (%)  R2 Score  \\\n",
       "0   5924.277552  8.497886e+07   9218.397965    1.978261  0.982647   \n",
       "1  10728.487789  1.946645e+08  13952.220454    3.789777  0.960558   \n",
       "2  13168.271960  2.722592e+08  16500.277336    4.614977  0.944836   \n",
       "3  15462.923722  6.555589e+08  25603.884451    4.925245  0.866129   \n",
       "4  17589.146827  3.885515e+08  19711.710587    6.152154  0.920654   \n",
       "5  20008.620000  5.681745e+08  23108.860000  762.910300  0.907239   \n",
       "6  32082.982914  1.869020e+09  43232.160072   10.548469  0.601720   \n",
       "7  52126.220142  4.883206e+09  69879.940545   18.159803  0.002806   \n",
       "\n",
       "               model  \n",
       "0              ARIMA  \n",
       "1                TCN  \n",
       "2                GRU  \n",
       "3               LSTM  \n",
       "4  Gradient Boosting  \n",
       "5            Prophet  \n",
       "6      Random Forest  \n",
       "7                MLP  "
      ]
     },
     "execution_count": 14,
     "metadata": {},
     "output_type": "execute_result"
    }
   ],
   "source": [
    "df_sorted"
   ]
  },
  {
   "cell_type": "code",
   "execution_count": 11,
   "id": "54603747-2a7b-4809-a894-c923d2efded6",
   "metadata": {},
   "outputs": [
    {
     "name": "stdout",
     "output_type": "stream",
     "text": [
      "            MAE           MSE          RMSE    MAPE (%)  R2 Score  \\\n",
      "0   5924.277552  8.497886e+07   9218.397965    1.978261  0.982647   \n",
      "1  10728.487789  1.946645e+08  13952.220454    3.789777  0.960558   \n",
      "2  13168.271960  2.722592e+08  16500.277336    4.614977  0.944836   \n",
      "3  15462.923722  6.555589e+08  25603.884451    4.925245  0.866129   \n",
      "4  17589.146827  3.885515e+08  19711.710587    6.152154  0.920654   \n",
      "5  20008.620000  5.681745e+08  23108.860000  762.910300  0.907239   \n",
      "6  32082.982914  1.869020e+09  43232.160072   10.548469  0.601720   \n",
      "7  52126.220142  4.883206e+09  69879.940545   18.159803  0.002806   \n",
      "\n",
      "               model  \n",
      "0              ARIMA  \n",
      "1                TCN  \n",
      "2                GRU  \n",
      "3               LSTM  \n",
      "4  Gradient Boosting  \n",
      "5            Prophet  \n",
      "6      Random Forest  \n",
      "7                MLP  \n"
     ]
    }
   ],
   "source": [
    "df_sorted = df_metrics.sort_values(by='MAE', ascending=True).reset_index(drop=True)\n",
    "\n",
    "print(df_sorted)"
   ]
  },
  {
   "cell_type": "code",
   "execution_count": 13,
   "id": "e5862f70-8eb5-4f0e-be3e-bd7794a96be3",
   "metadata": {},
   "outputs": [
    {
     "name": "stdout",
     "output_type": "stream",
     "text": [
      "MAE            20008.62\n",
      "MSE         568174500.0\n",
      "RMSE           23108.86\n",
      "MAPE (%)       762.9103\n",
      "R2 Score       0.907239\n",
      "model           Prophet\n",
      "Name: 5, dtype: object\n"
     ]
    }
   ],
   "source": [
    "print(df_sorted.iloc[5])"
   ]
  },
  {
   "cell_type": "code",
   "execution_count": null,
   "id": "e4f38716-08e2-4c2d-adb6-034016f2cd81",
   "metadata": {},
   "outputs": [],
   "source": []
  }
 ],
 "metadata": {
  "kernelspec": {
   "display_name": "Python 3 (ipykernel)",
   "language": "python",
   "name": "python3"
  },
  "language_info": {
   "codemirror_mode": {
    "name": "ipython",
    "version": 3
   },
   "file_extension": ".py",
   "mimetype": "text/x-python",
   "name": "python",
   "nbconvert_exporter": "python",
   "pygments_lexer": "ipython3",
   "version": "3.10.11"
  }
 },
 "nbformat": 4,
 "nbformat_minor": 5
}
